5
3 3 2
0 1 0
0 1 1
0 0 0
5 3 3
0 1 0
1 0 0
0 1 0
0 0 1
1 0 0
10 4 2
0 1 0 0
1 1 1 0
1 1 1 1
0 1 0 0
1 1 1 1
1 1 1 1
1 1 1 1
1 1 1 1
1 1 1 0
1 1 1 0
34 10 5
0 1 1 0 1 1 1 1 1 1
1 1 0 1 0 1 0 1 1 1
1 1 1 1 1 1 1 1 1 1
1 0 1 1 0 1 1 0 1 1
1 1 1 1 0 1 0 1 1 1
1 1 1 1 0 1 0 1 1 1
1 1 1 1 1 1 1 1 1 1
1 1 1 1 0 1 0 1 1 1
1 1 1 1 0 1 0 1 1 1
1 0 1 1 0 1 1 0 1 1
0 1 1 0 1 1 1 1 1 1
1 1 0 1 0 1 0 1 1 1
0 1 1 0 1 1 1 1 1 1
0 1 1 0 1 1 1 1 1 1
1 0 1 1 0 1 1 0 1 1
0 1 1 0 1 1 1 1 1 1
1 0 1 1 0 1 1 0 1 1
1 1 1 1 0 1 0 1 1 1
0 1 1 0 1 1 1 1 1 1
1 1 0 1 0 1 0 1 1 1
1 1 0 1 0 1 0 1 1 1
0 1 1 0 1 1 1 1 1 1
1 1 1 1 1 1 1 1 1 1
1 1 1 1 0 1 0 1 1 1
0 1 1 0 1 1 1 1 1 1
1 1 1 1 1 1 1 1 1 1
0 1 1 0 1 1 1 1 1 1
1 0 1 1 0 1 1 0 1 1
1 0 1 1 0 1 1 0 1 1
1 1 1 1 1 1 1 1 1 1
0 1 1 0 1 1 1 1 1 1
1 1 0 1 0 1 0 1 1 1
1 0 1 1 0 1 1 0 1 1
0 1 1 0 1 1 1 1 1 1
50 20 14
1 0 0 1 1 1 1 1 1 1 1 1 1 1 1 1 0 1 0 1
1 0 1 1 1 1 0 0 0 0 1 1 1 1 1 1 0 1 1 1
0 1 1 1 0 0 1 1 1 1 1 1 1 0 0 1 1 1 1 1
1 1 1 1 1 1 0 1 1 0 1 0 1 1 1 0 1 1 0 0
1 1 1 1 1 1 1 1 1 1 1 0 0 1 0 0 1 0 1 1
0 0 0 1 1 1 1 0 0 1 1 1 1 1 1 1 0 1 1 1
1 1 0 0 0 1 1 0 1 1 1 1 0 1 1 1 1 1 1 0
1 0 0 1 0 1 1 1 1 0 1 0 0 1 1 1 1 1 1 0
1 0 0 1 0 1 1 1 1 0 1 0 0 1 1 1 1 1 1 0
1 1 0 0 0 1 1 0 1 1 1 1 0 1 1 1 1 1 1 0
1 1 1 1 1 1 1 1 1 1 1 0 0 1 0 0 1 0 1 1
1 1 1 1 1 1 1 1 1 1 1 0 0 1 0 0 1 0 1 1
1 1 1 1 1 1 1 1 1 1 1 0 0 1 0 0 1 0 1 1
0 1 1 1 0 0 1 1 1 1 1 1 1 0 0 1 1 1 1 1
1 1 1 1 1 1 0 1 1 0 1 0 1 1 1 0 1 1 0 0
0 0 0 1 1 1 1 0 0 1 1 1 1 1 1 1 0 1 1 1
1 1 1 1 1 1 1 1 1 1 1 0 0 1 0 0 1 0 1 1
1 1 1 1 1 1 1 1 1 1 1 0 0 1 0 0 1 0 1 1
1 1 1 1 1 1 0 1 1 0 1 0 1 1 1 0 1 1 0 0
1 1 1 1 1 1 1 1 1 1 1 0 0 1 0 0 1 0 1 1
1 0 1 1 1 1 0 0 0 0 1 1 1 1 1 1 0 1 1 1
1 1 1 1 1 1 0 1 1 0 1 0 1 1 1 0 1 1 0 0
1 0 1 1 1 1 0 0 0 0 1 1 1 1 1 1 0 1 1 1
1 0 1 1 1 1 0 0 0 0 1 1 1 1 1 1 0 1 1 1
1 0 0 1 1 1 1 1 1 1 1 1 1 1 1 1 0 1 0 1
0 1 1 1 0 0 1 1 1 1 1 1 1 0 0 1 1 1 1 1
0 0 0 1 1 1 1 0 0 1 1 1 1 1 1 1 0 1 1 1
1 0 0 1 1 1 1 1 1 1 1 1 1 1 1 1 0 1 0 1
1 1 0 0 0 1 1 0 1 1 1 1 0 1 1 1 1 1 1 0
1 0 1 1 1 1 0 0 0 0 1 1 1 1 1 1 0 1 1 1
1 0 1 1 1 1 0 0 0 0 1 1 1 1 1 1 0 1 1 1
1 1 0 0 0 1 1 0 1 1 1 1 0 1 1 1 1 1 1 0
0 1 1 1 0 0 1 1 1 1 1 1 1 0 0 1 1 1 1 1
1 0 0 1 1 1 1 1 1 1 1 1 1 1 1 1 0 1 0 1
1 1 1 1 1 1 0 1 1 0 1 0 1 1 1 0 1 1 0 0
0 0 0 1 1 1 1 0 0 1 1 1 1 1 1 1 0 1 1 1
0 0 0 1 1 1 1 0 0 1 1 1 1 1 1 1 0 1 1 1
1 1 1 1 1 1 0 1 1 0 1 0 1 1 1 0 1 1 0 0
1 1 1 1 1 1 1 1 1 1 1 0 0 1 0 0 1 0 1 1
0 0 0 1 1 1 1 0 0 1 1 1 1 1 1 1 0 1 1 1
1 0 0 1 0 1 1 1 1 0 1 0 0 1 1 1 1 1 1 0
0 1 1 1 0 0 1 1 1 1 1 1 1 0 0 1 1 1 1 1
0 1 1 1 0 0 1 1 1 1 1 1 1 0 0 1 1 1 1 1
1 1 1 1 1 1 1 1 1 1 1 0 0 1 0 0 1 0 1 1
1 1 1 1 1 1 1 1 1 1 1 0 0 1 0 0 1 0 1 1
1 0 0 1 1 1 1 1 1 1 1 1 1 1 1 1 0 1 0 1
0 1 1 1 0 0 1 1 1 1 1 1 1 0 0 1 1 1 1 1
1 1 0 0 0 1 1 0 1 1 1 1 0 1 1 1 1 1 1 0
1 0 0 1 0 1 1 1 1 0 1 0 0 1 1 1 1 1 1 0
1 0 0 1 0 1 1 1 1 0 1 0 0 1 1 1 1 1 1 0