10
0
0 0 10 10
1
0 0 10 10
2 2 8 8 1
2
0 0 10 10
1 1 9 9 2
2 2 8 8 2
3
0 0 10 10
1 1 9 9 1
2 2 8 8 2
3 3 7 7 1
1
5 5 20 20
10 10 15 15 2
2
0 0 100 100
10 10 90 90 5
20 20 80 80 3
3
0 0 50 50
5 5 45 45 4
10 10 40 40 2
20 20 30 30 1
4
0 0 30 30
2 2 28 28 1
5 5 25 25 2
8 8 22 22 3
10 10 20 20 2
5
0 0 60 60
5 5 55 55 2
10 10 50 50 2
15 15 45 45 2
20 20 40 40 2
25 25 35 35 2
6
0 0 100 0
10 0 90 0 5
20 0 80 0 4
30 0 70 0 3
40 0 60 0 2
45 0 55 0 1
50 0 50 0 0
7
0 0 100 100
10 10 90 90 5
20 20 80 80 4
30 30 70 70 3
40 40 60 60 2
45 45 55 55 1
48 48 52 52 1
49 49 51 51 0